Noevenux ussus. Lrv. 11. 11ῖ

66616 66 161666616 6161166661611166116, comme 1661 166
666166 66 66666166, 66 61116116 6166 (661116616116666, 61 66
66666116 61116 66161 qui 661611 16 1111666 1611, 6611661 66
morale, 616161666 66161 qui 66161116611661( 66116. 06666-
dane 666161611 yades 1116116166 611 16 discours 166616 661 66
61161 616661666161616 seul 61161 61611616166166661666116116
66611611161116111161666611616616, 6661616 6666 166 (66116166
(6616611661666666 6 66 161666 66 quelques 1666661666 66 ju-
ger 6611161111616 666 gens 666 16 666666 qu‘ils 661 66 6666 166
confereneee¹ L’en 6611 meme qu’au 666161666661661 66 16
161611661166 166 61616616616 661 pronoque leurs 66661661166 6
66611 6 666 6611616666 6161666166; 6166616661616 661 16 666666
66666 disputes, 16 66111166 666616 6661 16 66161166. L’on 6611
66661 6611111166 161166 661161 61 66 (166666 66 1661616616
16666 aux 6616666, 6161166166661 6666161 6116611611 66
(11666166, 6661 (1666 66 6666611 (1111616166666116, (1666 666
6666 66 justice, 6666 666 666661161166 66 1116666166, 61166616
(1666666 conversation. Et 166661 6111166 66 66666616 6 66
moyen, 6166 66 (66166161 66 66161666611666616116 dans 666
1666661666, 661 66116 raison 616166 qu’il s‘ngit alors d’un 616-
666166166161116166, 61111 666611 1666 1616 (166616661616
1161116661 1666161661 161166 (11666166 66 66 6661661116 661
1616666, 611 je 6616666666161 16116661166666661611166 61666
6116616166, 661 1166-61666 61 1166-1166611661; 616166611661-
henr 11 661 1611 mal 16616,61 e’est aussi 6666 6616 que 666-
11661 on (16 6666161 6166, 66 qu'on 66661611661. (166166616υοί
j’ai 66 6166 d’une 1616 16 6666611 de 16166 666 6616616666 661
166 6611616666 666 theologum, 66616666 avens des 161611666,
6661 66661161 166 6616616 qni s'y 6661661 1616616661, 61166
16616666 qu'ou y 66661611 611161666611666 666 6666611611666
661 166 61161166, 61 ceux qui 661 16 6166 66 6661611 6661666
1616111 1611 661166,166161116661616666666161666116616161·
6616661661 quand elles 6661 11666666 666166 16 verite. En 66

16611611 66 66616161 6166 61666161 661611 1166616 66166 1661
16166661661 66 qui 66166161661636 de 66161 qui 6611616
dernier, 11 6’6 presque lieu quedans 166 conversations lib1·es;
ear, (1666 166 66666116166661116666 6661 66161616,661(66ὀιι

 

